5.536981391906738 
3.8093456172943116 
3.2704637241363526 
2.7932375192642214 
2.2811992454528807 
2.108993475437164 
1.804149158000946 
1.6561354851722718 
1.620683422088623 
1.493717408180237 
1.3654827761650086 
1.3048862326145172 
1.257061619758606 
1.1768653666973115 
1.2587368810176849 
1.1700493490695953 
1.0750429213047028 
0.9883994567394256 
0.9242797636985779 
0.8690856742858887 
0.8313362127542496 
0.8597609412670135 
0.8114255088567733 
0.7261369687318802 
0.6913577717542648 
0.6917800998687744 
0.6822594821453094 
0.6468345898389817 
0.6016739201545716 
0.5611012491583824 
0.553577718436718 
0.5374040007591248 
0.5409492486715317 
0.5068661233782769 
0.5031272116303444 
0.4526611861586571 
0.4684394198656082 
0.4775864925980568 
0.37540465474128726 
0.4729160234332085 
0.4117466169595718 
0.38743252769112585 
0.36821330815553666 
0.38097322642803194 
0.374888933300972 
0.3312137679755688 
0.31029016099870205 
0.3240778465569019 
0.2981954927742481 
0.2953894935548306 
0.3160678581893444 
0.2804404154419899 
0.24471834529191255 
0.28537778556346893 
0.2610866403579712 
0.2435049121081829 
0.2538870683312416 
0.24770997926592828 
0.22226034931838512 
0.2236945229768753 
0.22310459792613982 
0.21527533702552318 
0.21004420816898345 
0.22035902701318263 
0.18295923449099064 
0.20266383796930312 
0.18150418657809497 
0.18738770559430123 
0.1646703504398465 
0.18005310501903296 
0.18599627256393433 
0.1619819748029113 
0.17709970228374006 
0.15900309331715107 
0.1586119492352009 
0.156604075897485 
0.14113850392401217 
0.15617741845548153 
0.12754426386207343 
0.14227784991264344 
0.14550281431525947 
0.1381616858020425 
0.12838093984872104 
0.11943019334226847 
0.1326085668988526 
0.11853790339082479 
0.10498825685121119 
0.15063012808561324 
0.1078672035317868 
0.11002550117671489 
0.11749332372099161 
0.11021262189373374 
0.09488574659451843 
0.1391984977433458 
0.10563574111089111 
0.10713186929002404 
0.11018221462145447 
0.09569078269414603 
0.0952069759182632 
0.08912051241844893 
0.09294078282080591 
0.09057837454602122 
0.08862666556611658 
0.09667672263458371 
0.09069255714304746 
0.0952658543549478 
0.07984169524163008 
0.09526779899373651 
0.08543561320751905 
0.08611151413060725 
0.0828983635827899 
0.0878449689410627 
0.09339647774584592 
0.07653887599706649 
0.09515026499517262 
0.07277391565032304 
0.07826988422311842 
0.09236395648680627 
0.06345722452737391 
0.08232270551845432 
0.0778884529788047 
0.07683521350845694 
0.07036052742041647 
0.06823334354907275 
0.07455459768418222 
0.06769127612933516 
0.06463847439736128 
0.07181949207559228 
0.0672992729395628 
0.06040115525247529 
0.07040233439765871 
0.067075783200562 
0.07569637641310692 
0.059931865776889026 
0.06769484627060592 
0.06408434530021623 
0.06763008469715714 
0.06227832710836083 
0.06435855223797261 
0.059945631721057 
0.06692635924555361 
0.05822371593676508 
