5.349464640617371 
3.2196409845352174 
2.4864655113220215 
2.178644437789917 
1.8938740277290345 
1.7464613795280457 
1.6187618207931518 
1.4413060188293456 
1.4552610802650452 
1.331971037387848 
1.281505856513977 
1.217573229074478 
1.1050349903106689 
1.091058340072632 
1.0349470150470734 
0.9806892383098602 
0.9265625816583634 
0.9612331104278564 
0.8152772003412246 
0.8354818761348725 
0.7932029503583908 
0.7422668862342835 
0.76977055311203 
0.6929957407712937 
0.7291844826936722 
0.6425732046365737 
0.6230027621984482 
0.5757425600290298 
0.5849702262878418 
0.538400020301342 
0.5340298801660538 
0.4940375381708145 
0.47822216153144836 
0.46923354029655456 
0.45457739681005477 
0.45981961011886596 
0.4355853995680809 
0.4108886793255806 
0.41537047386169434 
0.3624826654791832 
0.3847209852933884 
0.3662134099006653 
0.3516491189599037 
0.34414573550224303 
0.34186242043972015 
0.31765677496790884 
0.30578883200883866 
0.2904773187637329 
0.2893915286660194 
0.3200314864516258 
0.29993773765861986 
0.2551542910933495 
0.26765526525676253 
0.25007291689515115 
0.23004125185310842 
0.23933503158390523 
0.2205396457016468 
0.23774923123419284 
0.2141464114561677 
0.22312022261321546 
0.21677297815680505 
0.2084793208539486 
0.22112743511796 
0.1930908612161875 
0.18050614781677723 
0.21380257554352283 
0.18948676459491254 
0.17174766428768634 
0.18673524215817452 
0.15796194426715374 
0.18656992182135582 
0.18471993401646614 
0.17600994097068906 
0.1511513102799654 
0.15928579635918141 
0.15200165405869484 
0.14682578187435866 
0.14201680511236192 
0.14302376322448254 
0.14345224983990193 
0.15302037011831998 
0.13154358379542827 
0.13848194915801287 
0.14354373510926963 
0.1270555904880166 
0.13422379560768605 
0.13165324486792088 
0.10623763644136489 
0.11307723952457309 
0.12294916853308678 
0.10846140114590526 
0.11312199583277106 
0.12043763816356659 
0.1231562078744173 
0.12166980225592852 
0.11709869600832462 
0.11053141048178076 
0.10257095053792 
0.10635416273027659 
0.0976614686101675 
0.10879681186750531 
0.1160473357886076 
0.10241191333159805 
0.11190018430352211 
0.09779269216582179 
0.10483899153769016 
0.11253041991963983 
0.09395415179431438 
0.0984125735424459 
0.10798166151158511 
0.10007912073284388 
0.10043564260937274 
0.09702635131776333 
