4.388681688308716 
2.185717318058014 
1.767501847743988 
1.6707765531539918 
1.4503738498687744 
1.3391289508342743 
1.2395273566246032 
1.2082395780086517 
1.0819256281852723 
1.0660672283172608 
1.0401818215847016 
1.048587555885315 
1.2197617483139038 
1.3447904336452483 
1.1597369194030762 
1.125532238483429 
1.0209195816516876 
0.8456028425693511 
0.7766131716966629 
0.856788814663887 
0.7903050565719605 
0.8034486877918243 
0.7812637031078339 
0.6984276258945465 
0.6714527297019959 
0.6082644307613373 
0.5949252957105636 
0.5944194853305816 
0.5389208900928497 
0.5241895800828934 
0.5530723923444748 
0.5035865175724029 
0.5142539936304092 
0.46774917989969256 
0.47817130625247956 
0.4316765022277832 
0.42543971180915835 
0.43901337802410123 
0.4106914415955544 
0.39861403286457064 
0.4172649881243706 
0.36933006256818773 
0.37940839797258374 
0.3645696385204792 
0.3341143068671226 
0.3508957979083061 
0.31368677571415904 
0.3345246332883835 
0.3007186090946197 
0.3146698921918869 
0.2960499832034111 
0.27703364089131355 
0.2800621846318245 
0.27536126181483267 
0.2707944728434086 
0.2542690469324589 
0.2499760341644287 
0.25700165823101995 
0.24249226689338685 
0.2211249416321516 
0.2524412228167057 
0.2190655369311571 
0.2260017530620098 
0.2166573730111122 
0.20570626854896545 
0.19611309736967086 
0.20951995879411697 
0.23752186715602874 
0.22359880268573762 
0.20853823512792588 
0.19762710481882095 
0.19988798081874848 
0.2252238029241562 
0.16150879066437482 
0.17776849769055844 
0.1839624922722578 
0.16378432132303714 
0.18251506201922893 
0.15333627101033925 
0.1568479610979557 
0.17603028424084186 
0.16039491891860963 
0.15173362404108048 
0.16368637748062612 
0.14383877195417882 
0.16661456115543843 
0.14226007103919983 
0.13638084188103675 
0.12978205926716327 
0.13707890167832373 
0.1443115110695362 
0.12600993402302266 
0.12583058059215546 
0.1254709815233946 
0.12293629698455334 
0.13648889146745205 
0.12237974248826504 
0.12259570531547069 
0.12421801902353763 
0.15912509843707084 
0.1227351451665163 
0.12434254441410303 
0.12356082726269961 
0.11363474648445844 
0.1117015802115202 
0.1028029815480113 
0.11253825511783361 
0.11108295369893312 
0.10255610574036837 
0.10111077532172202 
0.09766577623784542 
0.10252154018729925 
0.10835191383957862 
0.09881727021187543 
0.1045386577397585 
0.10574216291308403 
0.09685832366347313 
0.09120697010308504 
0.09000910207629204 
0.09242518287152052 
0.10669602528214454 
0.09373553849756718 
0.0956172801554203 
0.07663327258080244 
0.10022810619324446 
0.08361171277239919 
0.08303089413791895 
0.08870960630476475 
0.09232505638152361 
0.08878413427621126 
0.08147189730778337 
0.08329003553837538 
0.08498044807463884 
0.08066622193902731 
0.09219002507627011 
0.08380126345902682 
0.07879107063636184 
0.09044435439631343 
0.07818593958392739 
0.08553965345025062 
0.09774889405816793 
0.08492585944011807 
