5.681729607582092 
3.7059314489364623 
3.2289386701583864 
3.0943747854232786 
2.8778332471847534 
2.647919592857361 
2.4873519706726075 
2.259422764778137 
2.1267361092567443 
2.036145119667053 
2.002787573337555 
1.8638290143013 
1.714134337902069 
1.7500329875946046 
1.745356332063675 
1.6253220903873444 
1.4916698276996612 
1.343848580121994 
1.3127918148040771 
1.2283010959625245 
1.2131281232833862 
1.0633392679691314 
1.143087455034256 
1.0743295633792878 
1.0282955074310303 
0.9584753882884979 
0.9563785851001739 
0.911727997660637 
0.840810352563858 
0.8894806408882141 
0.8199211436510087 
0.8219471436738968 
0.7165319681167602 
0.7850793918967247 
0.7712005311250687 
0.7140743863582611 
0.6459992522001267 
0.69862375497818 
0.6843495333194732 
0.6118058621883392 
0.594741093814373 
0.566438185274601 
0.6289488726854324 
0.5101098373532296 
0.5149051478505134 
0.48929078072309495 
0.4983595860004425 
0.5308914628624916 
0.477212550342083 
0.45887868911027907 
0.4637762442231178 
0.43790999591350555 
0.45314291983842847 
0.36671799689531326 
0.3913113391399384 
0.3756103378534317 
0.38422097444534303 
0.37087187692523005 
0.3551372539997101 
0.34208834514021874 
0.34859507262706757 
0.334610306173563 
0.308530435115099 
0.3405545200407505 
0.28534255266189573 
0.33774507477879523 
0.2955158453434706 
0.28724945783615113 
0.30493138745427134 
0.2663341002911329 
0.2820550163835287 
0.282440659403801 
0.2346587933599949 
0.24909074492752553 
0.2406821620464325 
0.23739432089030743 
0.24043958239257335 
0.24985728189349174 
0.21616341948509216 
0.2421495062112808 
0.2165020164847374 
0.20872488740831613 
0.21322067510336637 
0.22090426877140998 
0.21683376364409923 
0.15997907631099223 
0.20707117915153503 
0.19665613502264023 
0.20600957829505206 
0.18315643556416034 
0.17879025653004646 
0.1844829100370407 
0.17962465677410364 
0.17189040411263704 
0.16411301728338004 
0.1456642309576273 
0.15836597084999085 
0.17257558815181256 
0.1481793249770999 
0.15096161369234323 
0.1404218640550971 
0.15649850130081178 
0.12689056452363728 
0.16106747515499592 
0.14471757777035235 
0.1312408333644271 
0.2132305895537138 
0.1460385085269809 
0.18126955311745405 
0.18059259060770272 
0.1989653060026467 
0.16569624781608583 
0.17868993818759918 
0.17776142310351134 
0.13967997348867356 
0.15368768146261572 
0.13527468567714096 
0.14455051928758622 
0.15902420438826084 
0.16189917299896478 
0.1306082119513303 
0.1386687594279647 
0.1396759719401598 
0.11958132736384869 
0.1356050455570221 
0.1479097292944789 
0.10176170302554965 
0.1508407249301672 
0.12439493145793676 
0.11016148818656803 
0.11621390581130982 
0.1176248649135232 
0.12976353913545607 
0.11854515204206109 
0.11500970588997006 
0.14778311137109995 
0.1322379719465971 
0.11589496579021215 
0.1147515682131052 
0.12775069973431527 
0.11880001060664654 
0.10587080292403699 
