5.611509022712707 
3.288084306716919 
2.6728808164596556 
2.2511807584762575 
2.000158369541168 
1.7794614958763122 
1.6868040251731873 
1.606477439403534 
1.6197733283042908 
1.490873508453369 
1.397888011932373 
1.3331309282779693 
1.2755771923065184 
1.1627032017707826 
1.1408219349384308 
1.0514015400409698 
1.0314704084396362 
0.9707820773124695 
1.015712813138962 
1.010024480819702 
0.9389808958768845 
0.8810294461250305 
0.8355396693944931 
0.8164664995670319 
0.8071500903367996 
0.7059205162525177 
0.724945541024208 
0.6926303339004517 
0.6436013919115067 
0.626424024105072 
0.6169938158988952 
0.6072253513336182 
0.5812990534305572 
0.553865572810173 
0.548944266140461 
0.4999087157845497 
0.535748618543148 
0.4944300729036331 
0.5068188244104386 
0.44575915575027464 
0.44560707435011865 
0.4478995060920715 
0.42546587735414504 
0.40958636462688447 
0.39901077419519426 
0.4088806727528572 
0.37637419775128367 
0.39144990175962446 
0.3523029312491417 
0.3605918514728546 
0.33113248988986016 
0.28708577156066895 
0.3344831249117851 
0.323921886831522 
0.2932375268638134 
0.29705316200852394 
0.28086556524038314 
0.2742615137994289 
0.26764538310468194 
0.28673899441957473 
0.2659585763514042 
0.2545905417203903 
0.24332318007946013 
0.24659421667456627 
0.22843517243862152 
0.21084887512028216 
0.234275956004858 
0.20861755430698395 
0.18963304944336415 
0.19579411797225477 
0.20826369479298593 
0.21948465451598168 
0.19156094267964363 
0.18673303872346877 
0.1723148773238063 
0.17077759221196176 
0.1812147167697549 
0.1700663312524557 
0.15447116538882255 
0.17415670052170754 
0.1626408960297704 
0.15668660834431647 
0.13904534425586462 
0.15734005473554136 
0.1478559549152851 
0.12300740096718073 
0.14455773569643499 
0.13914818178862334 
0.14197079375386237 
0.132983071655035 
0.14282611660659314 
0.11907018898054958 
0.1395546504855156 
0.11715851875953376 
0.12046071659773588 
0.12778460584580897 
0.10017471630126237 
0.12978532768785953 
0.15030195819213987 
0.14194727167487145 
0.11147179078310727 
0.11847571134567261 
0.10306966645643115 
0.10387844368815422 
0.10284793876111507 
0.11089038178324699 
0.10883328320458531 
0.09891126455739141 
0.10498228788375855 
0.101359959281981 
0.08781702498905361 
0.10361813809722661 
0.09148108279332519 
0.10051956724375487 
0.08936522463336587 
0.10353719647508114 
0.09218592225573957 
0.09138426909223199 
0.09755248542875052 
0.09647519497200846 
0.0937309723906219 
0.09486829876899719 
0.08603046596050262 
0.09341910466551781 
0.10763631466776133 
0.08012274852953852 
0.094718416929245 
0.07444314639084042 
0.0930290136858821 
0.08579709166660905 
0.07814808126538991 
0.08905939016491175 
0.07059087312314659 
0.08128361534327269 
0.08287648691795767 
0.07043657809495926 
0.08559260856360197 
0.06759025420993567 
0.08165201670024544 
0.08919315793551505 
0.08216956038028002 
0.09320380974560977 
