5.345245471000672 
3.2490824127197264 
2.628244204521179 
2.2539077520370485 
1.9480198812484741 
1.7212088871002198 
1.6434011840820313 
1.5086498284339904 
1.4847763204574584 
1.369837201833725 
1.2639189064502716 
1.2391221582889558 
1.1810810446739197 
1.0820545625686646 
1.0719416642189026 
1.0088862681388855 
1.0016215872764587 
0.9536124658584595 
0.8777786302566528 
0.8547964489459992 
0.8287908911705018 
0.7847945421934128 
0.76687275826931 
0.7485347390174866 
0.6822781771421432 
0.680979163646698 
0.6543202501535416 
0.6263702017068863 
0.5766938424110413 
0.6032758039236069 
0.5737020340561867 
0.521958632171154 
0.4860593491792679 
0.5178141987323761 
0.4830784672498703 
0.4602430829405785 
0.4498686307668686 
0.44058441698551176 
0.4067488408088684 
0.40945383489131926 
0.3972285276651382 
0.3831441503763199 
0.3820845314860344 
0.3636774769425392 
0.3426934629678726 
0.34864342734217646 
0.3035080775618553 
0.3114234831929207 
0.3252254454791546 
0.2870052148401737 
0.30546178326010703 
0.2936371325701475 
0.2588386732339859 
0.25803318083286286 
0.25701477348804475 
0.2359978336840868 
0.2563816118985415 
0.2338870380073786 
0.24189163044095038 
0.2344660809636116 
0.2238551004230976 
0.21054318070411682 
0.21977120593190194 
0.2147258198261261 
0.19763582985848188 
0.18523085821419955 
0.20819895446300507 
0.19071104377508163 
0.18277122166007756 
0.17607862785458564 
0.18779726296663285 
0.17900085479021072 
0.16142633326351644 
0.18009625904262067 
0.18235357627272605 
0.14632099315524102 
0.1830787644535303 
0.1471513108164072 
0.15359716083854436 
0.1429593461751938 
0.18816394053399563 
0.13812245316803456 
0.1409565617144108 
0.12586238879710435 
0.14617017660290002 
0.12560351349413396 
0.13657194189727306 
0.13845399901270866 
0.12419941918924451 
0.12032182060182095 
0.12250188790261746 
0.1270050882175565 
0.1330622029863298 
0.12019436426460743 
0.1402654805406928 
0.11302120473235845 
0.10618135463446379 
0.11920256588608026 
0.11297743944451213 
0.10634491227567196 
0.11559013556689024 
0.1216357921808958 
0.11942834805697203 
0.11275312129408122 
0.10344820275902748 
0.10070954736322164 
0.12248593516647815 
0.10339902121573687 
0.11793510848656297 
0.11296611430123449 
0.0967332399636507 
0.11062957476824523 
0.09251893054693937 
