4.017387595176697 
2.645791616439819 
4.87026737689972 
2.8527392673492433 
2.211180965900421 
1.852611138820648 
1.6521153235435486 
1.6253260421752929 
1.4124520540237426 
1.3035574769973755 
1.2815837109088897 
1.1701758515834808 
1.145499097108841 
1.0512734138965607 
1.0329588568210601 
0.9381370174884797 
0.908736218214035 
0.8482333862781525 
0.8042063587903976 
0.7652647382020951 
0.7029829794168472 
0.7268254160881042 
0.6536641156673432 
0.6419110751152038 
0.6891164374351502 
0.8151632672548295 
0.6738907635211945 
0.6977662438154221 
0.6841314542293548 
0.6242818999290466 
0.690471447110176 
0.600149205327034 
0.5586208444833756 
0.5611628416180611 
0.5295642682909966 
0.49369648516178133 
0.42236876368522647 
0.4732859095931053 
0.4694474881887436 
0.4893829208612442 
0.4319804686307907 
0.41468073189258575 
0.46630029916763305 
0.3593415412306786 
0.38049074113368986 
0.4227175810933113 
0.5868510743975639 
0.48979379922151567 
0.49401832729578016 
0.42014800041913986 
0.49017620608210566 
0.37436738520860674 
0.39929117143154147 
0.38613813057541846 
0.4541007548570633 
0.44346140637993814 
0.3380430336296558 
0.32897404849529266 
0.3410348482429981 
0.31971781358122825 
0.3165015433728695 
0.31231414765119553 
0.30177225172519684 
0.3033465227484703 
0.29736959025263787 
0.29549649223685265 
0.2920464764535427 
0.2936063514649868 
0.27425073593854904 
0.286631196141243 
0.33720077976584434 
0.27961440771818163 
0.276486077606678 
3.7124435567855834 
3.935003151893616 
3.76096275806427 
4.534972352981567 
