5.58532609462738 
3.287121934890747 
2.6381653690338136 
2.2070184469223024 
1.929370675086975 
1.7860553932189942 
1.626808602809906 
1.5222018432617188 
1.487738757133484 
1.4265041887760161 
1.3398064136505128 
1.2565296173095704 
1.2415081071853638 
1.183510479927063 
1.0832308435440063 
0.9986260378360748 
1.0121741533279418 
0.918788024187088 
0.9441622924804688 
0.8751039636135102 
0.8676986622810364 
0.8201454311609269 
0.8015935611724854 
0.7738504219055176 
0.7308777219057083 
0.6904263824224472 
0.6789885890483857 
0.6586314141750336 
0.6256014841794968 
0.5950029787421226 
0.6013496422767639 
0.5433970063924789 
0.5714266338944435 
0.5226182341575623 
0.4913479319214821 
0.4728406608104706 
0.5011352372169494 
0.4608779126405716 
0.45511289715766906 
0.4329135963320732 
0.4306628859043121 
0.40983417838811875 
0.380733605325222 
0.3989145115017891 
0.3545999321341515 
0.353684224486351 
0.3457456225156784 
0.3347605769336224 
0.35952938348054886 
0.2941704873740673 
0.3521116909384727 
0.33865132316946983 
0.3200010180473328 
0.29360608279705047 
0.2895968477427959 
0.310266115218401 
0.2860179564356804 
0.25114668391644956 
0.2617859601974487 
0.2550108735263348 
0.23461624398827552 
0.2458254115283489 
0.2261915560811758 
0.23995142295956612 
0.21212255895137788 
0.19371307723224163 
0.21892172291874887 
0.20718345195055007 
0.1786547813564539 
0.19724038541316985 
0.18292019054293632 
0.16275886535644532 
0.18657431837171315 
0.18176872447133063 
0.17152871184051036 
0.1667807361856103 
0.16892913829535247 
0.14943362053483725 
0.151681223846972 
0.15593357913196088 
0.15535846553742885 
0.1668463715724647 
0.14293281555175782 
0.1367808473110199 
0.13176262646913528 
0.14106035470962525 
0.12975220266729592 
0.12492937453091145 
0.14095170136541127 
0.1040339582413435 
0.12525322537869216 
0.12403159644454717 
0.13521053185686469 
0.11921363547444344 
0.11413200758397579 
0.11991282349452376 
0.11119361273944378 
0.1143901527300477 
0.10699225598946213 
0.09902740478515625 
0.12157164450734853 
0.09761908296495676 
0.11366954974830151 
0.09863717433065176 
0.09813075479120016 
0.08513941133394837 
0.09337064292281866 
0.0894201573729515 
0.09815537812188267 
0.0902587597630918 
0.0896632387675345 
0.09914279900491238 
0.08471893657930195 
0.08333169186487793 
0.08850449603050947 
0.08539261639118195 
0.0843245279043913 
0.08269155729562044 
0.07097365751862526 
0.07665282435715198 
0.07336946344934404 
0.0811627471074462 
0.07324734036810696 
0.0999953225441277 
0.07623577781021595 
0.07481163647025824 
0.0811820306070149 
0.08264365546405315 
0.07729179989546538 
0.07773903549648821 
0.08326566463336349 
0.07277541632764041 
0.06674879834055901 
0.07531393624842167 
0.06681780274957419 
0.057074873521924016 
0.09287596203386783 
0.0636462741624564 
0.07449945579282939 
0.08075648564845324 
0.06156041474081576 
0.07422519592568279 
