5.551160507202148 
3.4516860580444337 
2.9999899530410765 
2.6845151805877685 
2.451116921901703 
2.274854590892792 
2.193678472042084 
2.0135111474990843 
1.9007624411582946 
1.8024807715415954 
1.7461897253990173 
1.6277202701568603 
1.609103901386261 
1.5311676120758058 
1.4436662006378174 
1.4051527571678162 
1.360817608833313 
1.3353771460056305 
1.284025582075119 
1.2747342884540558 
1.249926073551178 
1.1438914716243744 
1.169265741109848 
1.1554417431354522 
1.12947652220726 
1.0634418749809265 
1.0777843654155732 
1.0194101488590241 
1.0002069056034089 
1.0045648181438447 
1.0003525114059448 
0.9026527094841004 
0.9090319919586182 
0.9518877148628235 
0.8859786522388459 
0.8532687616348267 
0.8353085565567017 
0.8381912565231323 
0.8509936463832856 
0.8053150516748429 
0.7927067703008652 
0.7947964733839035 
0.7544162881374359 
0.7554295301437378 
0.7638032352924347 
0.7358561223745346 
0.7114853674173355 
0.6833771377801895 
0.7477710676193238 
0.612803938984871 
0.6786676543951035 
0.6674789756536483 
0.6185615795850754 
0.6489562106132507 
0.6557597714662552 
0.5881545066833496 
0.595865911245346 
0.6116851592063903 
0.5731266117095948 
0.625133261680603 
0.610880580842495 
0.5721945405006409 
0.5483143955469132 
0.5559597504138947 
0.564930379986763 
0.5285338893532753 
0.5557731303572655 
0.5179342496395111 
0.5070261061191559 
0.5242951843142509 
0.5475563189387321 
0.5174323168396949 
0.48119739562273023 
0.49740492045879364 
0.4732437998056412 
0.46934558391571046 
0.4758089381456375 
0.4700895169377327 
0.45590304434299467 
0.47296395659446716 
0.4671385556459427 
0.45795267820358276 
0.4185615715384483 
0.452806733250618 
0.437749480009079 
0.4125511449575424 
0.4424045875668526 
0.4371977648139 
0.3891678638756275 
0.42927957385778426 
0.4237248432636261 
0.4206034517288208 
0.39212165743112565 
0.40952143013477327 
0.4254543659090996 
0.4034938535094261 
0.38551760524511336 
0.4029842069745064 
0.4022974756360054 
0.42181207448244096 
0.4164764022827148 
0.40510300889611245 
0.35099972486495973 
0.4269546017050743 
0.3970149552822113 
0.38194323480129244 
0.3443265616893768 
0.3925843903422356 
0.3972743594646454 
0.39539719074964524 
0.3612064012885094 
0.36799362003803254 
0.40918404251337054 
