5.701732935905457 
3.3925388717651366 
2.7706636667251585 
2.369607651233673 
2.0513390278816224 
1.9292217540740966 
1.7470041561126708 
1.5949080729484557 
1.5069876360893248 
1.5248706007003785 
1.3455837845802308 
1.3009341847896576 
1.3607548093795776 
1.1743673527240752 
1.1777982342243194 
1.1294070947170258 
1.0850123417377473 
1.0597841453552246 
0.9578757178783417 
1.0012779545783996 
0.9612311267852783 
0.9234697163105011 
0.8662692523002624 
0.8714157021045685 
0.7856261628866196 
0.7942943823337555 
0.7651074463129044 
0.7537913048267364 
0.6728883993625641 
0.71209596991539 
0.6831007421016693 
0.6341365575790405 
0.6360028845071792 
0.6109792494773865 
0.5754143702983856 
0.5823526754975319 
0.5334127575159073 
0.5387419983744621 
0.522604506611824 
0.5091635179519653 
0.5163768887519836 
0.5078282564878464 
0.45211843609809876 
0.47567164689302444 
0.4120179957151413 
0.431825959533453 
0.4209981006383896 
0.41333683803677557 
0.39160490334033965 
0.38952983111143114 
0.37542750537395475 
0.3753015545010567 
0.3346320113539696 
0.38325989603996274 
0.3528217986226082 
0.30492709174752236 
0.350615177154541 
0.31383909955620765 
0.32468306481838227 
0.30164183244109155 
0.29668343186378476 
0.2801052437722683 
0.2737656284868717 
0.26011538192629813 
0.2818349938839674 
0.24592308983206748 
0.2283677913993597 
0.2602590923011303 
0.24726986154913902 
0.22547503784298897 
0.24291082948446274 
0.2457218074053526 
0.23223599284887314 
0.2208617649972439 
0.22165246978402137 
0.22462559603154658 
0.18956878036260605 
0.20540883369743823 
0.2009391464293003 
0.24845163717865945 
0.1885142707079649 
0.18277417838573456 
0.20018670581281184 
0.17848736107349394 
0.18738670371472835 
0.18737455025315286 
0.16031135693192483 
0.1794372033327818 
0.17214773640036582 
0.16262523122131825 
0.15849254168570043 
0.17091584771871568 
0.16888753175735474 
0.14529735617339612 
0.1430604001134634 
0.14908645432442427 
0.14133799865841865 
0.1444416781514883 
0.1614328256621957 
0.11987022385001182 
0.14589691530913115 
0.13443474013358356 
0.1329825061932206 
0.1280918312817812 
0.13080762960016729 
0.14033565387129784 
0.12326780140399933 
0.1151890016719699 
0.13049409341067075 
0.10989784663543105 
0.11923749784007669 
0.132630894780159 
0.10335569933056832 
0.10476967182010412 
0.12182185359299183 
0.1060440392512828 
0.09455229390412569 
0.12461761984974146 
0.10672300308942795 
0.0972854077257216 
0.09919104058295489 
0.10613397303968668 
0.1032539463788271 
0.0995705420151353 
0.12719369865953922 
0.10187738228589296 
0.10041268080472947 
0.10141955900937319 
0.10235931660979986 
0.08988316353410482 
0.10400503573939204 
0.09224641162902117 
0.09268007911741734 
0.09291615122929216 
0.0982138741761446 
0.1012303189188242 
0.09210185052827001 
0.09935368705540895 
0.09246929369866848 
0.08545955501962453 
0.09716937107034028 
0.08778912669979036 
