5.790007777214051 
3.7998052930831907 
3.2845215034484863 
2.712457528114319 
2.407206726074219 
2.1035379934310914 
1.973504376411438 
1.7834406232833862 
1.74195255279541 
1.5434308242797852 
1.4658320701122285 
1.3554799306392669 
1.2401526176929474 
1.273015366792679 
1.1505005264282226 
1.0881871807575225 
1.0794576346874236 
1.0479811024665833 
0.9895874744653702 
0.9047468078136444 
0.9061879986524581 
0.9076468741893768 
0.7977073204517364 
0.7895470368862152 
0.7012256056070327 
0.7560425639152527 
0.6653296154737472 
0.6609483152627945 
0.6255230793356895 
0.6641266706585884 
0.5850315171480179 
0.5335511958599091 
0.5623409166932106 
0.5595234924554825 
0.48722107291221617 
0.48615019023418427 
0.48469328135252 
0.48168707728385923 
0.4242305989563465 
0.4194401881098747 
0.4062583628296852 
0.3873261937499046 
0.3659218534827232 
0.38510339736938476 
0.3590430471301079 
0.35109963431954383 
0.3204855516552925 
0.3089777785539627 
0.3335184282064438 
0.295875329375267 
0.2908558289706707 
0.318174599558115 
0.26568215429782865 
0.2728967650979757 
0.27715969651937483 
0.24082362957298756 
0.24080316543579103 
0.2448936605453491 
0.2631409565359354 
0.2063685207813978 
0.22630304351449013 
0.23197831600904464 
0.19721412636339664 
0.21957490660250187 
0.20421563282608987 
0.18447592437267304 
0.1791196796670556 
0.2057099783420563 
0.17493535324931145 
0.1765730346739292 
0.19408939175307752 
0.1595293541625142 
0.17332493640482427 
0.1496671976149082 
0.16999246180057526 
0.1434898990020156 
0.16459334775805473 
0.14103383395820857 
0.1458985682576895 
0.14386160446330906 
0.1464539498090744 
0.12986364759504795 
0.13437211858108639 
0.12175021128728986 
0.13352997079491616 
0.12165257301181555 
0.1267311045154929 
0.12846815466880798 
0.1211131627112627 
0.1212957956828177 
0.11178062295541168 
0.10616623650304974 
0.10375183440744877 
0.11906138345599175 
0.09645109193399548 
0.0915407932922244 
0.09911117286421359 
0.10339292112737894 
0.10412552785128355 
0.08760161129757763 
0.09089301804080606 
0.10887927794829011 
0.09571881076321005 
0.08879655817523599 
0.09851163767278194 
0.08116423447616399 
0.07752875716425478 
0.0803714472707361 
0.07761356235481799 
0.07492887039668858 
0.08936857786029577 
0.08839890592731535 
0.07296187514439226 
0.0731987711135298 
0.07781248007435351 
0.07313862657174468 
0.06623448794707656 
0.10122482118196785 
0.06460481631569565 
0.06776727678254246 
0.07138325977139175 
0.06769248347729445 
0.07162352453917264 
0.06667477171868086 
0.0635363711696118 
0.07109253794886172 
0.06135362243279815 
0.06805235584266484 
0.06132839215104468 
0.0662416000198573 
0.05568446280201897 
0.07019084060564637 
0.07492956740781664 
0.06061321037821472 
0.06758321218192577 
0.06290191944688558 
0.06938289453741163 
0.05582739300793037 
0.06193775875493884 
0.0651418801350519 
0.05712324940599501 
0.0667807493545115 
