5.28324490070343 
3.066131830215454 
2.372626028060913 
1.9596220445632935 
1.6897550702095032 
1.5846557092666627 
1.4806344485282898 
1.3385503947734834 
1.2613905429840089 
1.1962734377384185 
1.1196499073505402 
1.0693272054195404 
1.0381265556812287 
0.9850522971153259 
0.8740560150146485 
0.8603898990154266 
0.8253408855199814 
0.808437670469284 
0.7275259637832642 
0.6870968192815781 
0.6332201498746872 
0.6507389974594117 
0.5907820641994477 
0.5528613379597664 
0.5353814738988877 
0.49385191917419435 
0.5502931380271912 
0.45914930701255796 
0.4363715586066246 
0.44632159024477003 
0.4125371915102005 
0.37830688923597333 
0.35791983246803283 
0.3851495859026909 
0.37319411695003507 
0.30732064351439475 
0.34635305270552635 
0.300499574393034 
0.3014984752237797 
0.27077429085969923 
0.2836554458737373 
0.27280218943953516 
0.2564567221701145 
0.24010504961013793 
0.23593031018972396 
0.22762440524995328 
0.2390310497581959 
0.21678950324654578 
0.22481947869062424 
0.22189696297049522 
0.20072372056543827 
0.2186812011897564 
0.17763949740678073 
0.182376349568367 
0.16527267768979073 
0.16783718671649694 
0.15703735943883657 
0.15142877653241157 
0.160735070630908 
0.14799414634704589 
0.14687860667705535 
0.14351885087788105 
0.14521088223904371 
0.17369410321116446 
0.165555092766881 
0.16103612422943114 
0.14462726712226867 
0.13907853990793229 
0.1286460127308965 
0.13275645289570093 
0.13238049421459436 
0.1169521887600422 
0.12778063967823983 
0.11179801192134618 
0.10829870749264955 
0.10502071226015687 
0.10741935377009212 
0.09934420425444841 
0.09989170860499144 
0.08568166001699865 
0.0965937565639615 
0.09235060133039952 
0.08838103150948882 
0.08484987530857324 
0.08801284924149513 
0.09843047654256225 
0.06763781846500933 
0.07467950843274593 
0.09410639329813421 
0.06839358519762755 
0.08497317291796208 
0.06587216831743717 
0.07695338357239961 
0.07082818444818258 
0.07597349430900067 
0.05375732637941837 
0.0834726300649345 
0.06454678864218294 
0.06696096879430115 
0.06370872242376208 
0.0629936408996582 
0.06745264291763306 
0.06546844993717968 
0.06272118534892797 
0.05470115013420582 
0.05506262973882258 
0.06456717277877033 
0.07261132570914924 
0.05845760277006775 
0.05327384064905345 
0.13231804115697743 
0.05669304320588708 
0.05210153360385448 
0.05118717817589641 
0.05462130092084408 
0.05756374832941219 
0.04879453451372683 
0.044935491681098935 
0.04340931103564799 
0.05191021215636283 
0.054629683000966905 
0.05521217290777713 
0.04793802146799862 
0.0439465079177171 
0.04453751244582236 
0.04983057442586869 
0.045347046386450526 
0.04833991201594472 
0.04237720495089889 
0.047580906795337795 
0.03840057927183807 
0.05074417993426323 
0.046946077209431676 
0.041813142080791295 
0.057307927035726604 
0.043011833508498964 
0.04002270678989589 
0.04198607134167105 
0.04095922210253775 
0.0433652911754325 
0.050488918824121355 
0.0457081888243556 
