5.643938059806824 
3.749395794868469 
3.2092452526092528 
2.581591536998749 
2.2047990798950194 
1.9348353934288025 
1.7910301303863525 
1.5863578820228577 
1.5077558755874634 
1.4000998306274415 
1.4013779175281524 
1.2518860960006715 
1.14865718126297 
1.0856046533584596 
1.0104578417539596 
0.952375710606575 
0.8632329201698303 
0.8290004205703735 
0.8250636982917786 
0.7320380264520645 
0.7539438700675964 
0.6697072476148606 
0.6593092557787895 
0.6162338548898697 
0.567938574552536 
0.5823947057127953 
0.536548091173172 
0.48531670480966566 
0.47890420764684677 
0.45335797011852264 
0.4673525768518448 
0.4340591901540756 
0.4227304029464722 
0.4074172142148018 
0.40868318945169446 
0.3989635270833969 
0.385228216946125 
0.3787731596827507 
0.31583836786448954 
0.6317619577050209 
0.4722070163488388 
0.3844103553891182 
0.3727834747731686 
0.3919301590323448 
0.3250165118277073 
0.30752074278891084 
0.35192383207380773 
0.31311763942241666 
0.30379661604762076 
0.3458717951178551 
0.3663318683207035 
0.30914263531565667 
0.25640680886805056 
0.2823111508786678 
0.3982349926233292 
0.27114307299256324 
0.2970911218225956 
0.2803597392886877 
0.3095095443725586 
0.349968388825655 
0.250796038210392 
0.2904601887613535 
0.22666168302297593 
0.23860883444547654 
0.26990429908037183 
0.23902830250561238 
0.24503725722432138 
0.2574699035286903 
0.2497515357285738 
0.26474405370652676 
0.20992861673235894 
0.19618102714419364 
0.21011803321540357 
0.1856035314500332 
0.1984379743784666 
0.18036175448447467 
0.17915642250329256 
0.1534819997102022 
0.14280152209103109 
0.16252924889326095 
0.14616185061633588 
0.13948844272643326 
0.16681915819644927 
0.14694812953472136 
0.14215218357741832 
0.1321745840087533 
0.13416188463568687 
0.13990396935492755 
0.13050515327602624 
0.12836754648014903 
0.1279824539832771 
0.13021050669252873 
0.11170492339879275 
0.12508458266034722 
0.12669569712132214 
0.10902028612792491 
0.11121692778542638 
0.122536053750664 
0.10286498092114925 
0.09338544256985187 
0.09955706356093287 
0.09369823662564158 
0.10659412962384522 
0.10165421668440104 
0.08236026358790696 
0.10606355613097548 
0.09089409464970231 
0.09566280348226427 
0.09881079729646444 
0.07334101008251309 
0.0952661488391459 
0.0812665821518749 
0.09316055450588465 
0.07002406315878033 
0.08268069844692945 
0.09340207557659597 
0.08225933033972979 
0.07753677191212774 
0.07898306688293814 
0.06794888867996633 
0.08732712589204311 
0.09349306853022427 
0.06186801495496184 
0.09318533204495907 
0.08345943371299654 
0.0784915910102427 
0.0918924947269261 
0.06465690203011036 
0.06421526686288416 
0.07327889630571008 
0.0743496717326343 
0.07165911169257015 
0.06524429751560092 
0.06721670376136898 
0.06781721577048301 
0.07774645582772792 
0.07676421213895082 
0.06144810014404357 
0.07364930811338127 
0.07277648985385894 
0.05566097157076001 
0.06705484044738114 
