5.611318726539611 
3.6470154333114624 
3.0949313259124756 
2.5029485273361205 
2.0947191667556764 
1.9042448139190673 
1.7111268281936645 
1.5170007276535034 
1.528466534614563 
1.3570664060115813 
1.2569645738601685 
1.2200746071338653 
1.043777321577072 
1.0853234922885895 
0.9219410276412964 
0.9287283450365067 
0.8824350833892822 
0.8030726665258408 
0.800535078048706 
0.6747629201412201 
0.7029270523786545 
0.6766680109500885 
0.6100482544302941 
0.599522080719471 
0.5890878772735596 
0.5216869902610779 
0.5190846267342567 
0.477435764670372 
0.44640274465084073 
0.468173585832119 
0.41016998767852786 
0.40639751955866815 
0.38307758286595345 
0.3767897117137909 
0.3523613427579403 
0.3163429759442806 
0.3314268806576729 
0.31402940437197685 
0.3003229503333569 
0.29985966816544535 
0.2964287425577641 
0.24680999331176282 
0.29690659388899804 
0.2659872639924288 
0.24887164309620857 
0.22695085287094116 
0.22685979261994363 
0.22279832720756532 
0.19836275778710843 
0.22154767833650113 
0.21218756534159183 
0.21344637483358384 
0.1875875923782587 
0.176366734392941 
0.18074945658445357 
0.1497110742330551 
0.1647596153244376 
0.2077528800815344 
0.1555700694769621 
0.15640901241451502 
0.1546966937184334 
0.14001163337379693 
0.14888372540473938 
0.11705272641032934 
0.14954981863498687 
0.12402625707909465 
0.14628447385504842 
0.152190512213856 
0.13987277720123528 
0.12647913973778485 
0.11308776495978236 
0.12035727383568882 
0.1285461502801627 
0.11949257491156459 
0.11391682963818311 
0.11499121302738785 
0.09751194396987557 
0.10578026536852121 
0.09880332503933459 
0.10554870899766683 
0.10378465814515948 
0.08674761172384024 
0.08849103450775146 
0.09070738453418016 
0.09137362692505122 
0.07729734095744789 
0.10580860085785389 
0.08057665528729557 
0.07603197578340769 
0.08513317320495845 
0.0900564842671156 
0.06458577131852508 
0.07923688744660468 
0.07376912857405842 
0.0722621280606836 
0.07476637890562415 
0.06568626177031547 
0.0771380886528641 
0.05605112540535629 
0.06987039440311492 
0.07568070164881646 
0.062492310088127855 
0.06204485931433737 
0.0639195392234251 
0.05760769578628242 
0.07216868735849857 
0.058068180377595126 
0.05635493463370949 
0.05577208883594722 
0.05543572286143899 
0.0636086011561565 
0.054540030807256695 
0.06237221410498023 
0.04864637778606266 
0.05247213665395975 
0.05214307160582393 
0.051573249137727546 
0.05170874367817305 
0.05844424463342875 
0.05550947407260537 
0.04896157628390938 
0.05104928360320628 
0.03742535211204086 
0.04794981752987951 
0.05648123025894165 
0.04165336209814995 
0.04894671113579534 
0.042905554212629794 
0.0432911811536178 
0.050664511228678745 
0.0452885726140812 
0.04273618555162102 
0.04039848306332715 
0.041430852180346846 
0.04185224283486605 
0.04102990295737982 
0.041486992542631926 
0.0461443954333663 
0.03879528215853498 
0.06118904028087854 
0.034109284083824604 
0.04022176300641149 
