5.951227045059204 
3.365013370513916 
2.8634948110580445 
2.414616873264313 
2.1746240568161013 
1.9703922986984252 
1.822980411052704 
1.717361443042755 
1.6214457559585571 
1.5184639382362366 
1.4130476939678192 
1.3934731483459473 
1.352236270904541 
1.2874892854690552 
1.2839132869243621 
1.175072362422943 
1.1863096964359283 
1.1399771118164062 
1.0639666855335235 
1.0721316230297089 
1.0648538482189178 
1.0009987783432006 
0.9710234391689301 
0.9308539104461669 
0.895235612988472 
0.8962817233800888 
0.8600586259365082 
0.8570070117712021 
0.7632373058795929 
0.8082202196121215 
0.7310151994228363 
0.7201459085941315 
0.7407337057590485 
0.6817473435401916 
0.6435590004920959 
0.6442036777734756 
0.684168273806572 
0.6250732094049454 
0.6189073368906974 
0.6024767333269119 
0.5980062025785446 
0.5714255076646805 
0.7444697180390358 
0.6348832356929779 
0.6098072957992554 
0.580788614153862 
0.6007975059747696 
0.543260498046875 
0.5282654130458831 
0.5371282690763474 
0.5044519117474556 
0.48160172402858736 
0.4611570116877556 
0.5069291859865188 
0.44237872898578645 
0.4179621636867523 
0.4778806906938553 
0.43320039480924605 
0.4297507894039154 
0.4083916223049164 
0.40689158827066424 
0.3863432067632675 
0.39411537647247313 
0.38639368414878844 
0.3851319169998169 
0.3671556282043457 
0.36561643302440644 
0.35867944195866586 
0.3651145415008068 
0.29218176648020744 
0.37690659761428835 
0.3421874159574509 
0.31059997513890264 
0.31669387191534043 
0.3078601981699467 
0.3000618752837181 
0.31641613572835925 
0.3130303828418255 
0.3045273880660534 
0.2659076140075922 
0.29479740917682645 
0.28894251316785813 
0.2595353563129902 
0.2910909977555275 
0.2573099835216999 
0.26538266614079475 
0.24484166800975798 
0.29313570976257325 
0.2560044027864933 
0.2573008339107037 
0.23024948090314865 
0.2543989026546478 
0.22566243171691894 
0.24680233150720596 
0.25848442539572714 
0.24571966253221034 
0.21459702104330064 
0.2371318182349205 
0.24149573154747486 
0.2087484899163246 
0.2398146341741085 
0.22019703939557075 
0.22164802521467208 
0.19660877652466296 
0.21134059332311153 
0.18576293170452118 
0.2039270856231451 
0.2126685918867588 
0.21398988351225853 
0.18307361848652362 
0.2132881521433592 
0.21122313901782036 
0.18106909431517124 
0.19373662434518338 
0.20081846565008163 
0.17831733219325543 
0.1986723403632641 
0.17227410428225995 
0.1749462915956974 
0.18898134902119637 
0.18043952979147435 
0.17298529148101807 
0.19534159936010836 
0.15548957452178003 
0.16359040573239325 
0.16962677255272865 
0.17947317585349082 
0.17080583587288856 
0.1663650479912758 
0.16076069738715887 
0.17621660508215428 
0.1589828184247017 
0.16709018982946872 
0.16529843527823687 
0.1579742968082428 
0.15800003610551358 
0.16255129262804985 
0.16238017521798612 
0.1583993476629257 
0.14947259217500686 
0.16585771180689335 
0.16055357567965983 
