5.888979177474976 
3.9027701568603517 
3.4797307443618775 
3.139214391708374 
2.768267970085144 
2.5261696863174437 
2.2762169861793518 
2.0973829197883607 
2.0271090936660765 
1.8792477560043335 
1.7337566447257995 
1.7564841461181642 
1.6972557246685027 
1.5596235013008117 
1.4744744467735291 
1.495881655216217 
1.406015146970749 
1.3961667180061341 
1.295974199771881 
1.26446875333786 
1.2392624247074127 
1.1694181871414184 
1.150990949869156 
1.1813591670989991 
1.0782733237743378 
1.0954569792747497 
1.025770103931427 
1.0026271557807922 
0.9527698647975922 
0.9089077466726303 
0.8859029108285904 
0.9441094297170639 
0.8562958252429962 
0.8341606783866883 
0.8042296606302262 
0.8186303734779358 
0.7711778628826141 
0.7702066290378571 
0.7688829809427261 
0.6869605001807213 
0.7070397055149078 
0.7053920418024063 
0.6260693222284317 
0.6663726806640625 
0.6205536976456643 
0.6375013104081154 
0.6004843229055404 
0.5851708614826202 
0.5748613774776459 
0.5545577296614647 
0.541524406671524 
0.5204674160480499 
0.5539236843585968 
0.5185887151956559 
0.48762140303850177 
0.4429387930035591 
0.5050392293930054 
0.4879177898168564 
0.46826590329408646 
0.411977247595787 
0.4469478031992912 
0.41470694452524187 
0.4033119608461857 
0.4473134818673134 
0.3948488654196262 
0.37946276262402534 
0.3576890206336975 
0.37384725987911227 
0.35044534131884575 
0.3516918170452118 
0.3903441792726517 
0.3529458147287369 
0.33865962997078897 
0.32707008212804795 
0.30594878062605857 
0.332496425434947 
0.2982449601590633 
0.3054767828434706 
0.2728404816240072 
0.3364762669801712 
0.2776637874543667 
0.27019056960940363 
0.2738907471299171 
0.2680949516221881 
0.2681206741929054 
0.3059856256842613 
0.23547111168503762 
0.27018936425447465 
0.26432566560804843 
0.2529763466119766 
0.22927464351058005 
0.2391574238985777 
0.24272490829229354 
0.23496594220399858 
0.20865442097187042 
0.23433353148400785 
0.24327595524489878 
0.24228698037564755 
0.19652471020817758 
0.1964480923861265 
0.20792485803365707 
0.21612119257450105 
0.1779593886807561 
0.189523538723588 
0.20388251468539237 
0.19304348200559615 
0.17702729418873786 
0.18727741397917272 
0.18830973425880074 
0.18497988330200316 
0.16508577190339566 
0.18368685156106948 
0.15661972042173147 
0.17216772340238096 
0.1778861602395773 
0.16415650088340045 
0.1736370800063014 
0.18953940387815238 
0.17151726238429546 
0.1798566886410117 
0.14915636345744132 
0.19110747814178466 
0.1620790296047926 
0.1774908723682165 
0.14597579047083856 
0.14982608269900083 
0.1497320606559515 
0.1509397291392088 
0.16165717385709286 
0.14463460076600312 
0.14657257927581668 
0.15968121755868198 
0.13243934713304042 
0.15278346760198475 
0.16596907138824463 
0.13085789527744054 
0.15833718854933976 
0.14285443566739559 
0.13596251133829354 
0.15229675456881522 
0.13156394300982355 
0.15016685895621776 
